MobileNet Performance Metrics:
accuracy: 0.7893160259610584
precision: 0.6729230633368257
recall: 0.5200153014247182
f1_score: 0.532439089551632
