VGG16-10Epochs Performance Metrics:
accuracy: 0.7343984023964054
precision: 0.49375468548928064
recall: 0.3642874070474681
f1_score: 0.40649727244704353
