InceptionV3 - 50 Epochs Performance Metrics:
accuracy: 0.6864702945581628
precision: 0.20042196982517665
recall: 0.22217503109719908
f1_score: 0.20915450307951838
Time taken: 18.29 minutes
