Xception - 100 Epochs Performance Metrics:
accuracy: 0.7773339990014978
precision: 0.6024973788277485
recall: 0.5509368068965974
f1_score: 0.5530376380742008
Time taken: 60.35 minutes
